g bspatch
v -5.000000 -5.000000 -7.808327
v -5.000000 -1.666667 -7.808327
v -5.000000 1.666667 -7.808327
v -5.000000 5.000000 -7.808327
v -1.666667 -5.000000 -7.808327
v -1.666667 -1.666667 11.977780
v -1.666667 1.666667 11.977780
v -1.666667 5.000000 -7.808327
v 1.666667 -5.000000 -7.808327
v 1.666667 -1.666667 11.977780
v 1.666667 1.666667 11.977780
v 1.666667 5.000000 -7.808327
v 5.000000 -5.000000 -7.808327
v 5.000000 -1.666667 -7.808327
v 5.000000 1.666667 -7.808327
v 5.000000 5.000000 -7.808327
# 16 vertices
cstype bspline
stech curv 0.5 10.000000
deg 3 3
surf 0.000000 1.000000 0.000000 1.000000 13 14 \
15 16 9 10 11 12 5 6 7 8 1 2 3 4
parm u -3.000000 -2.000000 -1.000000 0.000000 \
1.000000 2.000000 3.000000 4.000000
parm v -3.000000 -2.000000 -1.000000 0.000000 \
1.000000 2.000000 3.000000 4.000000
end
# 1 element
