v 0.000000 2.000000 2.000000
v 0.000000 0.000000 2.000000
v 2.000000 0.000000 2.000000
v 2.000000 2.000000 2.000000
f -4 -3 -2 -1
v 2.000000 2.000000 0.000000
v 2.000000 0.000000 0.000000
v 0.000000 0.000000 0.000000
v 0.000000 2.000000 0.000000
f -4 -3 -2 -1
v 2.000000 2.000000 2.000000
v 2.000000 0.000000 2.000000
v 2.000000 0.000000 0.000000
v 2.000000 2.000000 0.000000
f -4 -3 -2 -1
v 0.000000 2.000000 0.000000
v 0.000000 2.000000 2.000000
v 2.000000 2.000000 2.000000
v 2.000000 2.000000 0.000000
f -4 -3 -2 -1
v 0.000000 2.000000 0.000000
v 0.000000 0.000000 0.000000
v 0.000000 0.000000 2.000000
v 0.000000 2.000000 2.000000
f -4 -3 -2 -1
v 0.000000 0.000000 2.000000
v 0.000000 0.000000 0.000000
v 2.000000 0.000000 0.000000
v 2.000000 0.000000 2.000000
f -4 -3 -2 -1