# 2.11 Bezier Patch
v -5.000000 -5.000000 0.000000
v -5.000000 -1.666667 0.000000
v -5.000000 1.666667 0.000000
v -5.000000 5.000000 0.000000
v -1.666667 -5.000000 0.000000
v -1.666667 -1.666667 0.000000
v -1.666667 1.666667 0.000000
v -1.666667 5.000000 0.000000
v 1.666667 -5.000000 0.000000
v 1.666667 -1.666667 0.000000
v 1.666667 1.666667 0.000000
v 1.666667 5.000000 0.000000
v 5.000000 -5.000000 0.000000
v 5.000000 -1.666667 0.000000
v 5.000000 1.666667 0.000000
v 5.000000 5.000000 0.000000
# 16 vertices
bzp 1 2 3 4 5 6 7 8 9 10 11 12 13 14 15 16
# 1 element
