v -4.949854 -5.000000 0.000000
v -4.949854 -1.666667 0.000000
v -4.949854 1.666667 0.000000
v -4.949854 5.000000 0.000000
v -1.616521 -5.000000 0.000000
v -1.616521 -1.666667 0.000000
v -1.616521 1.666667 0.000000
v -1.616521 5.000000 0.000000
v 1.716813 -5.000000 0.000000
v 1.716813 -1.666667 0.000000
v 1.716813 1.666667 0.000000
v 1.716813 5.000000 0.000000
v 5.050146 -5.000000 0.000000
v 5.050146 -1.666667 0.000000
v 5.050146 1.666667 0.000000
v 5.050146 5.000000 0.000000
v -15.015566 -4.974991 0.000000
v -15.015566 -1.641658 0.000000
v -15.015566 1.691675 0.000000
v -15.015566 5.025009 0.000000
v -11.682233 -4.974991 0.000000
v -11.682233 -1.641658 0.000000
v -11.682233 1.691675 0.000000
v -11.682233 5.025009 0.000000
v -8.348900 -4.974991 0.000000
v -8.348900 -1.641658 0.000000
v -8.348900 1.691675 0.000000
v -8.348900 5.025009 0.000000
v -5.015566 -4.974991 0.000000
v -5.015566 -1.641658 0.000000
v -5.015566 1.691675 0.000000
v -5.015566 5.025009 0.000000
mg 1 0.500000
cstype bezier
deg 3 3
surf 0.000000 1.000000 0.000000 1.000000 13 14 \
15 16 9 10 11 12 5 6 7 8 1 2 3 4
parm u 0.000000 1.000000
parm v 0.000000 1.000000
end
surf 0.000000 1.000000 0.000000 1.000000 29 30 31 \
32 25 26 27 28 21 22 \
 23 24 17 18 19 20
parm u 0.000000 1.000000
parm v 0.000000 1.000000
end