v      -5.000000       5.000000       0.000000
v      -5.000000      -5.000000       0.000000
v       5.000000      -5.000000       0.000000
v       5.000000       5.000000       0.000000
vt     -5.000000       5.000000       0.000000
vt     -5.000000      -5.000000       0.000000
vt      5.000000      -5.000000       0.000000
vt      5.000000       5.000000       0.000000
vn      0.000000       0.000000       1.000000
vn      0.000000       0.000000       1.000000
vn      0.000000       0.000000       1.000000
vn      0.000000       0.000000       1.000000
vp      0.210000       3.590000
vp      0.000000       0.000000
vp      1.000000       0.000000
vp      0.500000       0.500000
